1765892206316 0.06369426751592357 10
1765892207044 0.12738853503184713 20
1765892207763 0.1910828025477707 30
1765892208489 0.25477707006369427 40
1765892209214 0.3184713375796178 50
1765892209934 0.3821656050955414 60
1765892210664 0.445859872611465 70
1765892211389 0.5095541401273885 80
1765892212112 0.5732484076433121 90
1765892212839 0.6369426751592356 100
1765892213562 0.7006369426751592 110
1765892214282 0.7643312101910829 120
1765892214999 0.8280254777070064 130
1765892215721 0.89171974522293 140
1765892216438 0.9554140127388535 150
1765892217263 1.0 157
1765892217486 1.019108280254777 160
1765892218205 1.0828025477707006 170
1765892218923 1.1464968152866242 180
1765892219655 1.2101910828025477 190
1765892220375 1.2738853503184713 200
1765892221088 1.3375796178343948 210
1765892221806 1.4012738853503186 220
1765892222522 1.4649681528662422 230
1765892223236 1.5286624203821657 240
1765892223956 1.5923566878980893 250
1765892224675 1.6560509554140128 260
1765892225394 1.7197452229299364 270
1765892226116 1.78343949044586 280
1765892226832 1.8471337579617835 290
1765892227550 1.910828025477707 300
1765892228271 1.9745222929936306 310
1765892228875 2.0 314
1765892229311 2.038216560509554 320
1765892230033 2.1019108280254777 330
1765892230755 2.1656050955414012 340
1765892231478 2.229299363057325 350
1765892232197 2.2929936305732483 360
1765892232915 2.356687898089172 370
1765892233638 2.4203821656050954 380
1765892234362 2.484076433121019 390
1765892235082 2.5477707006369426 400
1765892235805 2.611464968152866 410
1765892236529 2.6751592356687897 420
1765892237250 2.738853503184713 430
1765892237967 2.802547770700637 440
1765892238689 2.8662420382165603 450
1765892239409 2.9299363057324843 460
1765892240126 2.9936305732484074 470
1765892240515 3.0 471
1765892240518 3.0 471
