1765892206316 1.0048902034759521 10
1765892207044 1.6128596067428589 20
1765892207763 1.3775418996810913 30
1765892208489 1.2789686918258667 40
1765892209214 1.8203141689300537 50
1765892209934 1.0538910627365112 60
1765892210664 1.2110806703567505 70
1765892211389 1.3815526962280273 80
1765892212112 1.1688017845153809 90
1765892212839 0.9493018388748169 100
1765892213562 1.2644126415252686 110
1765892214282 0.8159905076026917 120
1765892214999 0.8755695819854736 130
1765892215721 0.7707414031028748 140
1765892216438 0.9636247754096985 150
1765892217486 1.694291591644287 160
1765892218205 0.9417224526405334 170
1765892218923 0.7854954600334167 180
1765892219655 1.1148488521575928 190
1765892220375 0.6582610607147217 200
1765892221088 0.8870353102684021 210
1765892221806 0.6132065057754517 220
1765892222522 1.0177466869354248 230
1765892223236 2.960266351699829 240
1765892223956 0.5868427157402039 250
1765892224675 0.33478009700775146 260
1765892225394 2.3526623249053955 270
1765892226116 1.1482044458389282 280
1765892226832 0.5360926389694214 290
1765892227550 0.7251113653182983 300
1765892228271 0.4604478180408478 310
1765892229311 1.028944730758667 320
1765892230033 0.6744555830955505 330
1765892230755 0.6759858131408691 340
1765892231478 0.5353421568870544 350
1765892232197 0.7811559438705444 360
1765892232915 0.5231002569198608 370
1765892233638 1.5548146963119507 380
1765892234362 0.8252765536308289 390
1765892235082 0.2441733330488205 400
1765892235805 1.7640067338943481 410
1765892236529 0.2521696090698242 420
1765892237250 0.2369898557662964 430
1765892237967 0.8475534915924072 440
1765892238689 0.6155308485031128 450
1765892239409 0.4872266948223114 460
1765892240126 0.28078144788742065 470
