1765892206316 1.8000000000000001e-06 10
1765892207044 3.8000000000000005e-06 20
1765892207763 5.8e-06 30
1765892208489 7.800000000000002e-06 40
1765892209214 9.800000000000001e-06 50
1765892209934 1.18e-05 60
1765892210664 1.38e-05 70
1765892211389 1.58e-05 80
1765892212112 1.7800000000000002e-05 90
1765892212839 1.98e-05 100
1765892213562 1.9514824797843668e-05 110
1765892214282 1.8975741239892186e-05 120
1765892214999 1.84366576819407e-05 130
1765892215721 1.789757412398922e-05 140
1765892216438 1.735849056603774e-05 150
1765892217486 1.6819407008086254e-05 160
1765892218205 1.6280323450134772e-05 170
1765892218923 1.5741239892183287e-05 180
1765892219655 1.5202156334231808e-05 190
1765892220375 1.4663072776280324e-05 200
1765892221088 1.4123989218328841e-05 210
1765892221806 1.3584905660377358e-05 220
1765892222522 1.3045822102425878e-05 230
1765892223236 1.2506738544474395e-05 240
1765892223956 1.1967654986522912e-05 250
1765892224675 1.1428571428571429e-05 260
1765892225394 1.0889487870619948e-05 270
1765892226116 1.0350404312668464e-05 280
1765892226832 9.811320754716981e-06 290
1765892227550 9.272237196765498e-06 300
1765892228271 8.733153638814017e-06 310
1765892229311 8.194070080862534e-06 320
1765892230033 7.654986522911052e-06 330
1765892230755 7.115902964959569e-06 340
1765892231478 6.576819407008087e-06 350
1765892232197 6.037735849056604e-06 360
1765892232915 5.498652291105122e-06 370
1765892233638 4.959568733153639e-06 380
1765892234362 4.420485175202157e-06 390
1765892235082 3.881401617250674e-06 400
1765892235805 3.3423180592991917e-06 410
1765892236529 2.803234501347709e-06 420
1765892237250 2.2641509433962266e-06 430
1765892237967 1.7250673854447441e-06 440
1765892238689 1.1859838274932616e-06 450
1765892239409 6.46900269541779e-07 460
1765892240126 1.0781671159029651e-07 470
