1765892206316 0.6984 10
1765892207044 0.6893 20
1765892207763 0.6684 30
1765892208489 0.6358 40
1765892209214 0.5983 50
1765892209934 0.5679 60
1765892210664 0.5135 70
1765892211389 0.4524 80
1765892212112 0.4061 90
1765892212839 0.3523 100
1765892213562 0.3221 110
1765892214282 0.2545 120
1765892214999 0.26 130
1765892215721 0.2145 140
1765892216438 0.1708 150
1765892217486 0.149 160
1765892218205 0.1541 170
1765892218923 0.1126 180
1765892219655 0.0852 190
1765892220375 0.0706 200
1765892221088 0.0706 210
1765892221806 0.0889 220
1765892222522 0.0824 230
1765892223236 0.1148 240
1765892223956 0.0646 250
1765892224675 0.0796 260
1765892225394 0.0618 270
1765892226116 0.0767 280
1765892226832 0.0891 290
1765892227550 0.0597 300
1765892228271 0.0576 310
1765892229311 0.0648 320
1765892230033 0.0859 330
1765892230755 0.0905 340
1765892231478 0.052 350
1765892232197 0.0692 360
1765892232915 0.0506 370
1765892233638 0.0553 380
1765892234362 0.0426 390
1765892235082 0.0402 400
1765892235805 0.0552 410
1765892236529 0.0435 420
1765892237250 0.0546 430
1765892237967 0.0345 440
1765892238689 0.0432 450
1765892239409 0.0323 460
1765892240126 0.0679 470
